_C_8cca0baa_0 8c 0 530 0 0 2535642e 0 696d6520 0 61742074 0 696e6720 0 6c617070 0 6f766572 0 61726520 0 25356420 0 64202620 0 65202535 0 204c696e 0 20202020 0 a202020 0 256d2e20 0 666f7220 0 38352c20 0 6e652036 0 2c206c69 0 2e737622 0 636f7265 0 3030385f 0 20226938 0 20202020 0 a202020 0 656e742e 0 6174656d 0 27207374 0 63617365 0 71756520 0 27756e69 0 20696e20 0 61746368 0 6e73206d 0 6974696f 0 636f6e64 0 6f6e6520 0 68616e20 0 72652074 0 3a204d6f 0 6e696e67 0 20576172 0 5254 
_C_c0918afc_0 8c 0 530 0 0 2535642e 0 696d6520 0 61742074 0 696e6720 0 6c617070 0 6f766572 0 61726520 0 25356420 0 64202620 0 65202535 0 204c696e 0 20202020 0 a202020 0 256d2e20 0 666f7220 0 37322c20 0 6e652034 0 2c206c69 0 2e737622 0 636f7265 0 3030385f 0 20226938 0 20202020 0 a202020 0 656e742e 0 6174656d 0 27207374 0 63617365 0 71756520 0 27756e69 0 20696e20 0 61746368 0 6e73206d 0 6974696f 0 636f6e64 0 6f6e6520 0 68616e20 0 72652074 0 3a204d6f 0 6e696e67 0 20576172 0 5254 
_C_99a73c44_0 8c 0 3a0 0 0 2535642e 0 696d6520 0 61742074 0 256d2c20 0 666f7220 0 39302c20 0 6e652035 0 2c206c69 0 2e737622 0 636f7265 0 3030385f 0 20226938 0 20202020 0 a202020 0 656e742e 0 6174656d 0 27207374 0 63617365 0 71756520 0 27756e69 0 20696e20 0 63686573 0 206d6174 0 74696f6e 0 6f6e6469 0 4e6f2063 0 6e673a20 0 61726e69 0 52542057 
_C_996a361b_0 8c 0 530 0 0 2535642e 0 696d6520 0 61742074 0 696e6720 0 6c617070 0 6f766572 0 61726520 0 25356420 0 64202620 0 65202535 0 204c696e 0 20202020 0 a202020 0 256d2e20 0 666f7220 0 31302c20 0 6e652036 0 2c206c69 0 2e737622 0 636f7265 0 3030385f 0 20226938 0 20202020 0 a202020 0 656e742e 0 6174656d 0 27207374 0 63617365 0 71756520 0 27756e69 0 20696e20 0 61746368 0 6e73206d 0 6974696f 0 636f6e64 0 6f6e6520 0 68616e20 0 72652074 0 3a204d6f 0 6e696e67 0 20576172 0 5254 
_C_f5496dbd_0 8c 0 530 0 0 2535642e 0 696d6520 0 61742074 0 696e6720 0 6c617070 0 6f766572 0 61726520 0 25356420 0 64202620 0 65202535 0 204c696e 0 20202020 0 a202020 0 256d2e20 0 666f7220 0 33362c20 0 6e652033 0 2c206c69 0 2e737622 0 636f7265 0 3030385f 0 20226938 0 20202020 0 a202020 0 656e742e 0 6174656d 0 27207374 0 63617365 0 71756520 0 27756e69 0 20696e20 0 61746368 0 6e73206d 0 6974696f 0 636f6e64 0 6f6e6520 0 68616e20 0 72652074 0 3a204d6f 0 6e696e67 0 20576172 0 5254 
_C_7d4a4106_0 8c 0 530 0 0 2535642e 0 696d6520 0 61742074 0 696e6720 0 6c617070 0 6f766572 0 61726520 0 25356420 0 64202620 0 65202535 0 204c696e 0 20202020 0 a202020 0 256d2e20 0 666f7220 0 32312c20 0 6e652034 0 2c206c69 0 2e737622 0 636f7265 0 3030385f 0 20226938 0 20202020 0 a202020 0 656e742e 0 6174656d 0 27207374 0 63617365 0 71756520 0 27756e69 0 20696e20 0 61746368 0 6e73206d 0 6974696f 0 636f6e64 0 6f6e6520 0 68616e20 0 72652074 0 3a204d6f 0 6e696e67 0 20576172 0 5254 
_C_e638420_0 8c 0 530 0 0 2535642e 0 696d6520 0 61742074 0 696e6720 0 6c617070 0 6f766572 0 61726520 0 25356420 0 64202620 0 65202535 0 204c696e 0 20202020 0 a202020 0 256d2e20 0 666f7220 0 32312c20 0 6e652036 0 2c206c69 0 2e737622 0 636f7265 0 3030385f 0 20226938 0 20202020 0 a202020 0 656e742e 0 6174656d 0 27207374 0 63617365 0 71756520 0 27756e69 0 20696e20 0 61746368 0 6e73206d 0 6974696f 0 636f6e64 0 6f6e6520 0 68616e20 0 72652074 0 3a204d6f 0 6e696e67 0 20576172 0 5254 
_C_c3fdc68e_0 8c 0 3a0 0 0 2535642e 0 696d6520 0 61742074 0 256d2c20 0 666f7220 0 31352c20 0 6e652032 0 2c206c69 0 2e737622 0 636f7265 0 3030385f 0 20226938 0 20202020 0 a202020 0 656e742e 0 6174656d 0 27207374 0 63617365 0 71756520 0 27756e69 0 20696e20 0 63686573 0 206d6174 0 74696f6e 0 6f6e6469 0 4e6f2063 0 6e673a20 0 61726e69 0 52542057 
_C_64230cf9_0 8c 0 530 0 0 2535642e 0 696d6520 0 61742074 0 696e6720 0 6c617070 0 6f766572 0 61726520 0 25356420 0 64202620 0 65202535 0 204c696e 0 20202020 0 a202020 0 256d2e20 0 666f7220 0 33392c20 0 6e652035 0 2c206c69 0 2e737622 0 636f7265 0 3030385f 0 20226938 0 20202020 0 a202020 0 656e742e 0 6174656d 0 27207374 0 63617365 0 71756520 0 27756e69 0 20696e20 0 61746368 0 6e73206d 0 6974696f 0 636f6e64 0 6f6e6520 0 68616e20 0 72652074 0 3a204d6f 0 6e696e67 0 20576172 0 5254 
_C_6f5cd3a2_0 8c 0 530 0 0 2535642e 0 696d6520 0 61742074 0 696e6720 0 6c617070 0 6f766572 0 61726520 0 25356420 0 64202620 0 65202535 0 204c696e 0 20202020 0 a202020 0 256d2e20 0 666f7220 0 34302c20 0 6e652035 0 2c206c69 0 2e737622 0 636f7265 0 3030385f 0 20226938 0 20202020 0 a202020 0 656e742e 0 6174656d 0 27207374 0 63617365 0 71756520 0 27756e69 0 20696e20 0 61746368 0 6e73206d 0 6974696f 0 636f6e64 0 6f6e6520 0 68616e20 0 72652074 0 3a204d6f 0 6e696e67 0 20576172 0 5254 
_C_545bd4ae_0 8c 0 48 0 0 3d202564 0 435f4c20 0 50 
_C_f3bc81e9_0 8c 0 530 0 0 2535642e 0 696d6520 0 61742074 0 696e6720 0 6c617070 0 6f766572 0 61726520 0 25356420 0 64202620 0 65202535 0 204c696e 0 20202020 0 a202020 0 256d2e20 0 666f7220 0 32332c20 0 6e652036 0 2c206c69 0 2e737622 0 636f7265 0 3030385f 0 20226938 0 20202020 0 a202020 0 656e742e 0 6174656d 0 27207374 0 63617365 0 71756520 0 27756e69 0 20696e20 0 61746368 0 6e73206d 0 6974696f 0 636f6e64 0 6f6e6520 0 68616e20 0 72652074 0 3a204d6f 0 6e696e67 0 20576172 0 5254 
_C_4dd2819f_0 8c 0 530 0 0 2535642e 0 696d6520 0 61742074 0 696e6720 0 6c617070 0 6f766572 0 61726520 0 25356420 0 64202620 0 65202535 0 204c696e 0 20202020 0 a202020 0 256d2e20 0 666f7220 0 36392c20 0 6e652033 0 2c206c69 0 2e737622 0 636f7265 0 3030385f 0 20226938 0 20202020 0 a202020 0 656e742e 0 6174656d 0 27207374 0 63617365 0 71756520 0 27756e69 0 20696e20 0 61746368 0 6e73206d 0 6974696f 0 636f6e64 0 6f6e6520 0 68616e20 0 72652074 0 3a204d6f 0 6e696e67 0 20576172 0 5254 
_C_ea3feb1_0 8c 0 3a0 0 0 2535642e 0 696d6520 0 61742074 0 256d2c20 0 666f7220 0 36322c20 0 6e652035 0 2c206c69 0 2e737622 0 636f7265 0 3030385f 0 20226938 0 20202020 0 a202020 0 656e742e 0 6174656d 0 27207374 0 63617365 0 71756520 0 27756e69 0 20696e20 0 63686573 0 206d6174 0 74696f6e 0 6f6e6469 0 4e6f2063 0 6e673a20 0 61726e69 0 52542057 
_C_d8a8cef5_0 8c 0 530 0 0 2535642e 0 696d6520 0 61742074 0 696e6720 0 6c617070 0 6f766572 0 61726520 0 25356420 0 64202620 0 65202535 0 204c696e 0 20202020 0 a202020 0 256d2e20 0 666f7220 0 36392c20 0 6e652035 0 2c206c69 0 2e737622 0 636f7265 0 3030385f 0 20226938 0 20202020 0 a202020 0 656e742e 0 6174656d 0 27207374 0 63617365 0 71756520 0 27756e69 0 20696e20 0 61746368 0 6e73206d 0 6974696f 0 636f6e64 0 6f6e6520 0 68616e20 0 72652074 0 3a204d6f 0 6e696e67 0 20576172 0 5254 
_C_9215e940_0 8c 0 530 0 0 2535642e 0 696d6520 0 61742074 0 696e6720 0 6c617070 0 6f766572 0 61726520 0 25356420 0 64202620 0 65202535 0 204c696e 0 20202020 0 a202020 0 256d2e20 0 666f7220 0 36392c20 0 6e652036 0 2c206c69 0 2e737622 0 636f7265 0 3030385f 0 20226938 0 20202020 0 a202020 0 656e742e 0 6174656d 0 27207374 0 63617365 0 71756520 0 27756e69 0 20696e20 0 61746368 0 6e73206d 0 6974696f 0 636f6e64 0 6f6e6520 0 68616e20 0 72652074 0 3a204d6f 0 6e696e67 0 20576172 0 5254 
_C_275df043_0 8c 0 3a0 0 0 2535642e 0 696d6520 0 61742074 0 256d2c20 0 666f7220 0 36392c20 0 6e652036 0 2c206c69 0 2e737622 0 636f7265 0 3030385f 0 20226938 0 20202020 0 a202020 0 656e742e 0 6174656d 0 27207374 0 63617365 0 71756520 0 27756e69 0 20696e20 0 63686573 0 206d6174 0 74696f6e 0 6f6e6469 0 4e6f2063 0 6e673a20 0 61726e69 0 52542057 
_C_d83ef1de_0 8c 0 530 0 0 2535642e 0 696d6520 0 61742074 0 696e6720 0 6c617070 0 6f766572 0 61726520 0 25356420 0 64202620 0 65202535 0 204c696e 0 20202020 0 a202020 0 256d2e20 0 666f7220 0 34322c20 0 6e652036 0 2c206c69 0 2e737622 0 636f7265 0 3030385f 0 20226938 0 20202020 0 a202020 0 656e742e 0 6174656d 0 27207374 0 63617365 0 71756520 0 27756e69 0 20696e20 0 61746368 0 6e73206d 0 6974696f 0 636f6e64 0 6f6e6520 0 68616e20 0 72652074 0 3a204d6f 0 6e696e67 0 20576172 0 5254 
_C_6d2f2ef3_0 8c 0 530 0 0 2535642e 0 696d6520 0 61742074 0 696e6720 0 6c617070 0 6f766572 0 61726520 0 25356420 0 64202620 0 65202535 0 204c696e 0 20202020 0 a202020 0 256d2e20 0 666f7220 0 37312c20 0 6e652033 0 2c206c69 0 2e737622 0 636f7265 0 3030385f 0 20226938 0 20202020 0 a202020 0 656e742e 0 6174656d 0 27207374 0 63617365 0 71756520 0 27756e69 0 20696e20 0 61746368 0 6e73206d 0 6974696f 0 636f6e64 0 6f6e6520 0 68616e20 0 72652074 0 3a204d6f 0 6e696e67 0 20576172 0 5254 
_C_256898ac_0 8c 0 3a0 0 0 2535642e 0 696d6520 0 61742074 0 256d2c20 0 666f7220 0 31392c20 0 6e652032 0 2c206c69 0 2e737622 0 636f7265 0 3030385f 0 20226938 0 20202020 0 a202020 0 656e742e 0 6174656d 0 27207374 0 63617365 0 71756520 0 27756e69 0 20696e20 0 63686573 0 206d6174 0 74696f6e 0 6f6e6469 0 4e6f2063 0 6e673a20 0 61726e69 0 52542057 
_C_19f59556_0 8c 0 530 0 0 2535642e 0 696d6520 0 61742074 0 696e6720 0 6c617070 0 6f766572 0 61726520 0 25356420 0 64202620 0 65202535 0 204c696e 0 20202020 0 a202020 0 256d2e20 0 666f7220 0 39392c20 0 6e652035 0 2c206c69 0 2e737622 0 636f7265 0 3030385f 0 20226938 0 20202020 0 a202020 0 656e742e 0 6174656d 0 27207374 0 63617365 0 71756520 0 27756e69 0 20696e20 0 61746368 0 6e73206d 0 6974696f 0 636f6e64 0 6f6e6520 0 68616e20 0 72652074 0 3a204d6f 0 6e696e67 0 20576172 0 5254 
_C_f8556199_0 8c 0 530 0 0 2535642e 0 696d6520 0 61742074 0 696e6720 0 6c617070 0 6f766572 0 61726520 0 25356420 0 64202620 0 65202535 0 204c696e 0 20202020 0 a202020 0 256d2e20 0 666f7220 0 37312c20 0 6e652035 0 2c206c69 0 2e737622 0 636f7265 0 3030385f 0 20226938 0 20202020 0 a202020 0 656e742e 0 6174656d 0 27207374 0 63617365 0 71756520 0 27756e69 0 20696e20 0 61746368 0 6e73206d 0 6974696f 0 636f6e64 0 6f6e6520 0 68616e20 0 72652074 0 3a204d6f 0 6e696e67 0 20576172 0 5254 
_C_c1c1830a_0 8c 0 530 0 0 2535642e 0 696d6520 0 61742074 0 696e6720 0 6c617070 0 6f766572 0 61726520 0 25356420 0 64202620 0 65202535 0 204c696e 0 20202020 0 a202020 0 256d2e20 0 666f7220 0 37312c20 0 6e652034 0 2c206c69 0 2e737622 0 636f7265 0 3030385f 0 20226938 0 20202020 0 a202020 0 656e742e 0 6174656d 0 27207374 0 63617365 0 71756520 0 27756e69 0 20696e20 0 61746368 0 6e73206d 0 6974696f 0 636f6e64 0 6f6e6520 0 68616e20 0 72652074 0 3a204d6f 0 6e696e67 0 20576172 0 5254 
_C_772c1f96_0 8c 0 3a0 0 0 2535642e 0 696d6520 0 61742074 0 256d2c20 0 666f7220 0 31392c20 0 6e652034 0 2c206c69 0 2e737622 0 636f7265 0 3030385f 0 20226938 0 20202020 0 a202020 0 656e742e 0 6174656d 0 27207374 0 63617365 0 71756520 0 27756e69 0 20696e20 0 63686573 0 206d6174 0 74696f6e 0 6f6e6469 0 4e6f2063 0 6e673a20 0 61726e69 0 52542057 
_C_206177c5_0 8c 0 530 0 0 2535642e 0 696d6520 0 61742074 0 696e6720 0 6c617070 0 6f766572 0 61726520 0 25356420 0 64202620 0 65202535 0 204c696e 0 20202020 0 a202020 0 256d2e20 0 666f7220 0 39392c20 0 6e652034 0 2c206c69 0 2e737622 0 636f7265 0 3030385f 0 20226938 0 20202020 0 a202020 0 656e742e 0 6174656d 0 27207374 0 63617365 0 71756520 0 27756e69 0 20696e20 0 61746368 0 6e73206d 0 6974696f 0 636f6e64 0 6f6e6520 0 68616e20 0 72652074 0 3a204d6f 0 6e696e67 0 20576172 0 5254 
_C_472eb98f_0 8c 0 530 0 0 2535642e 0 696d6520 0 61742074 0 696e6720 0 6c617070 0 6f766572 0 61726520 0 25356420 0 64202620 0 65202535 0 204c696e 0 20202020 0 a202020 0 256d2e20 0 666f7220 0 32342c20 0 6e652035 0 2c206c69 0 2e737622 0 636f7265 0 3030385f 0 20226938 0 20202020 0 a202020 0 656e742e 0 6174656d 0 27207374 0 63617365 0 71756520 0 27756e69 0 20696e20 0 61746368 0 6e73206d 0 6974696f 0 636f6e64 0 6f6e6520 0 68616e20 0 72652074 0 3a204d6f 0 6e696e67 0 20576172 0 5254 
_C_f419644b_0 8c 0 530 0 0 2535642e 0 696d6520 0 61742074 0 696e6720 0 6c617070 0 6f766572 0 61726520 0 25356420 0 64202620 0 65202535 0 204c696e 0 20202020 0 a202020 0 256d2e20 0 666f7220 0 33352c20 0 6e652033 0 2c206c69 0 2e737622 0 636f7265 0 3030385f 0 20226938 0 20202020 0 a202020 0 656e742e 0 6174656d 0 27207374 0 63617365 0 71756520 0 27756e69 0 20696e20 0 61746368 0 6e73206d 0 6974696f 0 636f6e64 0 6f6e6520 0 68616e20 0 72652074 0 3a204d6f 0 6e696e67 0 20576172 0 5254 
_C_8e6a1846_0 8c 0 530 0 0 2535642e 0 696d6520 0 61742074 0 696e6720 0 6c617070 0 6f766572 0 61726520 0 25356420 0 64202620 0 65202535 0 204c696e 0 20202020 0 a202020 0 256d2e20 0 666f7220 0 38332c20 0 6e652036 0 2c206c69 0 2e737622 0 636f7265 0 3030385f 0 20226938 0 20202020 0 a202020 0 656e742e 0 6174656d 0 27207374 0 63617365 0 71756520 0 27756e69 0 20696e20 0 61746368 0 6e73206d 0 6974696f 0 636f6e64 0 6f6e6520 0 68616e20 0 72652074 0 3a204d6f 0 6e696e67 0 20576172 0 5254 
_C_1f45a894_0 8c 0 530 0 0 2535642e 0 696d6520 0 61742074 0 696e6720 0 6c617070 0 6f766572 0 61726520 0 25356420 0 64202620 0 65202535 0 204c696e 0 20202020 0 a202020 0 256d2e20 0 666f7220 0 39302c20 0 6e652035 0 2c206c69 0 2e737622 0 636f7265 0 3030385f 0 20226938 0 20202020 0 a202020 0 656e742e 0 6174656d 0 27207374 0 63617365 0 71756520 0 27756e69 0 20696e20 0 61746368 0 6e73206d 0 6974696f 0 636f6e64 0 6f6e6520 0 68616e20 0 72652074 0 3a204d6f 0 6e696e67 0 20576172 0 5254 
_C_94b5418d_0 8c 0 3a0 0 0 2535642e 0 696d6520 0 61742074 0 256d2c20 0 666f7220 0 31302c20 0 6e652036 0 2c206c69 0 2e737622 0 636f7265 0 3030385f 0 20226938 0 20202020 0 a202020 0 656e742e 0 6174656d 0 27207374 0 63617365 0 71756520 0 27756e69 0 20696e20 0 63686573 0 206d6174 0 74696f6e 0 6f6e6469 0 4e6f2063 0 6e673a20 0 61726e69 0 52542057 
_C_23c7f6fe_0 8c 0 530 0 0 2535642e 0 696d6520 0 61742074 0 696e6720 0 6c617070 0 6f766572 0 61726520 0 25356420 0 64202620 0 65202535 0 204c696e 0 20202020 0 a202020 0 256d2e20 0 666f7220 0 36322c20 0 6e652035 0 2c206c69 0 2e737622 0 636f7265 0 3030385f 0 20226938 0 20202020 0 a202020 0 656e742e 0 6174656d 0 27207374 0 63617365 0 71756520 0 27756e69 0 20696e20 0 61746368 0 6e73206d 0 6974696f 0 636f6e64 0 6f6e6520 0 68616e20 0 72652074 0 3a204d6f 0 6e696e67 0 20576172 0 5254 
_C_3c1e86c3_0 8c 0 530 0 0 2535642e 0 696d6520 0 61742074 0 696e6720 0 6c617070 0 6f766572 0 61726520 0 25356420 0 64202620 0 65202535 0 204c696e 0 20202020 0 a202020 0 256d2e20 0 666f7220 0 37332c20 0 6e652034 0 2c206c69 0 2e737622 0 636f7265 0 3030385f 0 20226938 0 20202020 0 a202020 0 656e742e 0 6174656d 0 27207374 0 63617365 0 71756520 0 27756e69 0 20696e20 0 61746368 0 6e73206d 0 6974696f 0 636f6e64 0 6f6e6520 0 68616e20 0 72652074 0 3a204d6f 0 6e696e67 0 20576172 0 5254 
_C_9158f3f_0 8c 0 530 0 0 2535642e 0 696d6520 0 61742074 0 696e6720 0 6c617070 0 6f766572 0 61726520 0 25356420 0 64202620 0 65202535 0 204c696e 0 20202020 0 a202020 0 256d2e20 0 666f7220 0 30302c20 0 6e652035 0 2c206c69 0 2e737622 0 636f7265 0 3030385f 0 20226938 0 20202020 0 a202020 0 656e742e 0 6174656d 0 27207374 0 63617365 0 71756520 0 27756e69 0 20696e20 0 61746368 0 6e73206d 0 6974696f 0 636f6e64 0 6f6e6520 0 68616e20 0 72652074 0 3a204d6f 0 6e696e67 0 20576172 0 5254 
_C_43a8a88a_0 8c 0 530 0 0 2535642e 0 696d6520 0 61742074 0 696e6720 0 6c617070 0 6f766572 0 61726520 0 25356420 0 64202620 0 65202535 0 204c696e 0 20202020 0 a202020 0 256d2e20 0 666f7220 0 30302c20 0 6e652036 0 2c206c69 0 2e737622 0 636f7265 0 3030385f 0 20226938 0 20202020 0 a202020 0 656e742e 0 6174656d 0 27207374 0 63617365 0 71756520 0 27756e69 0 20696e20 0 61746368 0 6e73206d 0 6974696f 0 636f6e64 0 6f6e6520 0 68616e20 0 72652074 0 3a204d6f 0 6e696e67 0 20576172 0 5254 
_C_baf1bc46_0 8c 0 530 0 0 2535642e 0 696d6520 0 61742074 0 696e6720 0 6c617070 0 6f766572 0 61726520 0 25356420 0 64202620 0 65202535 0 204c696e 0 20202020 0 a202020 0 256d2e20 0 666f7220 0 32362c20 0 6e652035 0 2c206c69 0 2e737622 0 636f7265 0 3030385f 0 20226938 0 20202020 0 a202020 0 656e742e 0 6174656d 0 27207374 0 63617365 0 71756520 0 27756e69 0 20696e20 0 61746368 0 6e73206d 0 6974696f 0 636f6e64 0 6f6e6520 0 68616e20 0 72652074 0 3a204d6f 0 6e696e67 0 20576172 0 5254 
_C_9c66182_0 8c 0 530 0 0 2535642e 0 696d6520 0 61742074 0 696e6720 0 6c617070 0 6f766572 0 61726520 0 25356420 0 64202620 0 65202535 0 204c696e 0 20202020 0 a202020 0 256d2e20 0 666f7220 0 33372c20 0 6e652033 0 2c206c69 0 2e737622 0 636f7265 0 3030385f 0 20226938 0 20202020 0 a202020 0 656e742e 0 6174656d 0 27207374 0 63617365 0 71756520 0 27756e69 0 20696e20 0 61746368 0 6e73206d 0 6974696f 0 636f6e64 0 6f6e6520 0 68616e20 0 72652074 0 3a204d6f 0 6e696e67 0 20576172 0 5254 
_C_84e1dbab_0 8c 0 48 0 0 3d202564 0 435f4820 0 50 
_C_f5ed4d6_0 8c 0 3a0 0 0 2535642e 0 696d6520 0 61742074 0 256d2c20 0 666f7220 0 33332c20 0 6e652035 0 2c206c69 0 2e737622 0 636f7265 0 3030385f 0 20226938 0 20202020 0 a202020 0 656e742e 0 6174656d 0 27207374 0 63617365 0 71756520 0 27756e69 0 20696e20 0 63686573 0 206d6174 0 74696f6e 0 6f6e6469 0 4e6f2063 0 6e673a20 0 61726e69 0 52542057 
_C_f45cb5dd_0 8c 0 530 0 0 2535642e 0 696d6520 0 61742074 0 696e6720 0 6c617070 0 6f766572 0 61726520 0 25356420 0 64202620 0 65202535 0 204c696e 0 20202020 0 a202020 0 256d2e20 0 666f7220 0 32392c20 0 6e652036 0 2c206c69 0 2e737622 0 636f7265 0 3030385f 0 20226938 0 20202020 0 a202020 0 656e742e 0 6174656d 0 27207374 0 63617365 0 71756520 0 27756e69 0 20696e20 0 61746368 0 6e73206d 0 6974696f 0 636f6e64 0 6f6e6520 0 68616e20 0 72652074 0 3a204d6f 0 6e696e67 0 20576172 0 5254 
_C_70450795_0 8c 0 530 0 0 2535642e 0 696d6520 0 61742074 0 696e6720 0 6c617070 0 6f766572 0 61726520 0 25356420 0 64202620 0 65202535 0 204c696e 0 20202020 0 a202020 0 256d2e20 0 666f7220 0 38342c20 0 6e652036 0 2c206c69 0 2e737622 0 636f7265 0 3030385f 0 20226938 0 20202020 0 a202020 0 656e742e 0 6174656d 0 27207374 0 63617365 0 71756520 0 27756e69 0 20696e20 0 61746368 0 6e73206d 0 6974696f 0 636f6e64 0 6f6e6520 0 68616e20 0 72652074 0 3a204d6f 0 6e696e67 0 20576172 0 5254 
_C_93d3df9d_0 8c 0 530 0 0 2535642e 0 696d6520 0 61742074 0 696e6720 0 6c617070 0 6f766572 0 61726520 0 25356420 0 64202620 0 65202535 0 204c696e 0 20202020 0 a202020 0 256d2e20 0 666f7220 0 34312c20 0 6e652035 0 2c206c69 0 2e737622 0 636f7265 0 3030385f 0 20226938 0 20202020 0 a202020 0 656e742e 0 6174656d 0 27207374 0 63617365 0 71756520 0 27756e69 0 20696e20 0 61746368 0 6e73206d 0 6974696f 0 636f6e64 0 6f6e6520 0 68616e20 0 72652074 0 3a204d6f 0 6e696e67 0 20576172 0 5254 
_C_2521501d_0 8c 0 530 0 0 2535642e 0 696d6520 0 61742074 0 696e6720 0 6c617070 0 6f766572 0 61726520 0 25356420 0 64202620 0 65202535 0 204c696e 0 20202020 0 a202020 0 256d2e20 0 666f7220 0 39352c20 0 6e652034 0 2c206c69 0 2e737622 0 636f7265 0 3030385f 0 20226938 0 20202020 0 a202020 0 656e742e 0 6174656d 0 27207374 0 63617365 0 71756520 0 27756e69 0 20696e20 0 61746368 0 6e73206d 0 6974696f 0 636f6e64 0 6f6e6520 0 68616e20 0 72652074 0 3a204d6f 0 6e696e67 0 20576172 0 5254 
_C_944268e1_0 8c 0 40 0 0 756d703a 0 52656744 
_C_d96ef828_0 8c 0 530 0 0 2535642e 0 696d6520 0 61742074 0 696e6720 0 6c617070 0 6f766572 0 61726520 0 25356420 0 64202620 0 65202535 0 204c696e 0 20202020 0 a202020 0 256d2e20 0 666f7220 0 34312c20 0 6e652036 0 2c206c69 0 2e737622 0 636f7265 0 3030385f 0 20226938 0 20202020 0 a202020 0 656e742e 0 6174656d 0 27207374 0 63617365 0 71756520 0 27756e69 0 20696e20 0 61746368 0 6e73206d 0 6974696f 0 636f6e64 0 6f6e6520 0 68616e20 0 72652074 0 3a204d6f 0 6e696e67 0 20576172 0 5254 
_C_e099a9ca_0 8c 0 a00 0 0 2025620a 0 7265203d 0 74726c2e 0 72665f63 0 25622c20 0 65203d20 0 726c2e77 0 665f6374 0 642c2072 0 203d2025 0 2e73656c 0 6374726c 0 2072665f 0 2025622c 0 6f70203d 0 6974685f 0 6c2e6172 0 5f637472 0 20414c55 0 2025622c 0 7765203d 0 4442522e 0 25622c20 0 65203d20 0 42522e72 0 622c2044 0 203d2025 0 3a204952 0 4e414c53 0 a534947 0 3d202562 0 6f757420 0 4442525f 0 25622c20 0 74203d20 0 425f6f75 0 25622c20 0 74203d20 0 415f6f75 0 25622c20 0 73203d20 0 666c6167 0 25622c20 0 74203d20 0 555f6f75 0 2c20414c 0 3d202562 0 6f757420 0 2072665f 0 2025622c 0 7574203d 0 50435f6f 0 623a0a09 0 203d2025 0 5f6f7574 0 2c200a44 0 3d202573 0 61746520 0 2c207374 0 3d202573 0 636c6520 0 2c206379 0 3d202562 0 796e6320 0 533a2053 0 54505554 0 200a4f55 0 2025622c 0 6479203d 0 20726561 0 2025622c 0 7472203d 0 2c20696e 0 3d202562 0 5f696e20 0 622c2044 0 203d2025 0 20727374 0 5554533a 0 a494e50 
_C_6a8acb51_0 8c 0 530 0 0 2535642e 0 696d6520 0 61742074 0 696e6720 0 6c617070 0 6f766572 0 61726520 0 25356420 0 64202620 0 65202535 0 204c696e 0 20202020 0 a202020 0 256d2e20 0 666f7220 0 36372c20 0 6e652036 0 2c206c69 0 2e737622 0 636f7265 0 3030385f 0 20226938 0 20202020 0 a202020 0 656e742e 0 6174656d 0 27207374 0 63617365 0 71756520 0 27756e69 0 20696e20 0 61746368 0 6e73206d 0 6974696f 0 636f6e64 0 6f6e6520 0 68616e20 0 72652074 0 3a204d6f 0 6e696e67 0 20576172 0 5254 
_C_81c54d39_0 8c 0 530 0 0 2535642e 0 696d6520 0 61742074 0 696e6720 0 6c617070 0 6f766572 0 61726520 0 25356420 0 64202620 0 65202535 0 204c696e 0 20202020 0 a202020 0 256d2e20 0 666f7220 0 32302c20 0 6e652034 0 2c206c69 0 2e737622 0 636f7265 0 3030385f 0 20226938 0 20202020 0 a202020 0 656e742e 0 6174656d 0 27207374 0 63617365 0 71756520 0 27756e69 0 20696e20 0 61746368 0 6e73206d 0 6974696f 0 636f6e64 0 6f6e6520 0 68616e20 0 72652074 0 3a204d6f 0 6e696e67 0 20576172 0 5254 
_C_c2319910_0 8c 0 530 0 0 2535642e 0 696d6520 0 61742074 0 696e6720 0 6c617070 0 6f766572 0 61726520 0 25356420 0 64202620 0 65202535 0 204c696e 0 20202020 0 a202020 0 256d2e20 0 666f7220 0 37342c20 0 6e652034 0 2c206c69 0 2e737622 0 636f7265 0 3030385f 0 20226938 0 20202020 0 a202020 0 656e742e 0 6174656d 0 27207374 0 63617365 0 71756520 0 27756e69 0 20696e20 0 61746368 0 6e73206d 0 6974696f 0 636f6e64 0 6f6e6520 0 68616e20 0 72652074 0 3a204d6f 0 6e696e67 0 20576172 0 5254 
_C_f2ec881f_0 8c 0 530 0 0 2535642e 0 696d6520 0 61742074 0 696e6720 0 6c617070 0 6f766572 0 61726520 0 25356420 0 64202620 0 65202535 0 204c696e 0 20202020 0 a202020 0 256d2e20 0 666f7220 0 32302c20 0 6e652036 0 2c206c69 0 2e737622 0 636f7265 0 3030385f 0 20226938 0 20202020 0 a202020 0 656e742e 0 6174656d 0 27207374 0 63617365 0 71756520 0 27756e69 0 20696e20 0 61746368 0 6e73206d 0 6974696f 0 636f6e64 0 6f6e6520 0 68616e20 0 72652074 0 3a204d6f 0 6e696e67 0 20576172 0 5254 
_C_a9cea749_0 84 0 1a 0 0 3ffffe0 
_C_b876c8a1_0 84 0 3 0 0 6 
_C_a6ded3f3_0 84 0 3 0 0 5 
_C_98ac00c6_0 8c 0 530 0 0 2535642e 0 696d6520 0 61742074 0 696e6720 0 6c617070 0 6f766572 0 61726520 0 25356420 0 64202620 0 65202535 0 204c696e 0 20202020 0 a202020 0 256d2e20 0 666f7220 0 33382c20 0 6e652035 0 2c206c69 0 2e737622 0 636f7265 0 3030385f 0 20226938 0 20202020 0 a202020 0 656e742e 0 6174656d 0 27207374 0 63617365 0 71756520 0 27756e69 0 20696e20 0 61746368 0 6e73206d 0 6974696f 0 636f6e64 0 6f6e6520 0 68616e20 0 72652074 0 3a204d6f 0 6e696e67 0 20576172 0 5254 
_C_4df8f7b9_0 84 0 2 0 0 2 
_C_8768c39a_0 8c 0 8 0 0 0 
_C_479f0177_0 84 0 2 0 0 3 
_C_59371a25_0 84 0 2 0 0 0 
_C_8526fe05_0 84 0 3 0 0 0 
_C_5350eceb_0 84 0 2 0 0 1 
_C_8d9a025c_0 8c 0 530 0 0 2535642e 0 696d6520 0 61742074 0 696e6720 0 6c617070 0 6f766572 0 61726520 0 25356420 0 64202620 0 65202535 0 204c696e 0 20202020 0 a202020 0 256d2e20 0 666f7220 0 38362c20 0 6e652036 0 2c206c69 0 2e737622 0 636f7265 0 3030385f 0 20226938 0 20202020 0 a202020 0 656e742e 0 6174656d 0 27207374 0 63617365 0 71756520 0 27756e69 0 20696e20 0 61746368 0 6e73206d 0 6974696f 0 636f6e64 0 6f6e6520 0 68616e20 0 72652074 0 3a204d6f 0 6e696e67 0 20576172 0 5254 
_C_24b1fde1_0 8c 0 530 0 0 2535642e 0 696d6520 0 61742074 0 696e6720 0 6c617070 0 6f766572 0 61726520 0 25356420 0 64202620 0 65202535 0 204c696e 0 20202020 0 a202020 0 256d2e20 0 666f7220 0 34332c20 0 6e652036 0 2c206c69 0 2e737622 0 636f7265 0 3030385f 0 20226938 0 20202020 0 a202020 0 656e742e 0 6174656d 0 27207374 0 63617365 0 71756520 0 27756e69 0 20696e20 0 61746368 0 6e73206d 0 6974696f 0 636f6e64 0 6f6e6520 0 68616e20 0 72652074 0 3a204d6f 0 6e696e67 0 20576172 0 5254 
_C_b5897fe0_0 8c 0 3a0 0 0 2535642e 0 696d6520 0 61742074 0 256d2c20 0 666f7220 0 39352c20 0 6e652034 0 2c206c69 0 2e737622 0 636f7265 0 3030385f 0 20226938 0 20202020 0 a202020 0 656e742e 0 6174656d 0 27207374 0 63617365 0 71756520 0 27756e69 0 20696e20 0 63686573 0 206d6174 0 74696f6e 0 6f6e6469 0 4e6f2063 0 6e673a20 0 61726e69 0 52542057 
_C_76d106be_0 8c 0 9a0 0 0 2025620a 0 7265203d 0 74726c2e 0 72665f63 0 25622c20 0 65203d20 0 726c2e77 0 665f6374 0 642c2072 0 203d2025 0 2e73656c 0 6374726c 0 2072665f 0 2025622c 0 6f70203d 0 6974685f 0 6c2e6172 0 5f637472 0 20414c55 0 2025622c 0 7765203d 0 4442522e 0 25622c20 0 65203d20 0 42522e72 0 622c2044 0 203d2025 0 3a204952 0 4e414c53 0 a534947 0 3d202562 0 6f757420 0 4442525f 0 25622c20 0 74203d20 0 425f6f75 0 25622c20 0 74203d20 0 415f6f75 0 25622c20 0 73203d20 0 666c6167 0 25622c20 0 74203d20 0 555f6f75 0 2c20414c 0 3d202562 0 6f757420 0 2072665f 0 2025622c 0 7574203d 0 50435f6f 0 623a0a09 0 203d2025 0 5f6f7574 0 2c200a44 0 3d202573 0 61746520 0 2c207374 0 3d202562 0 796e6320 0 533a2053 0 54505554 0 200a4f55 0 2025622c 0 6479203d 0 20726561 0 2025622c 0 7472203d 0 2c20696e 0 3d202562 0 5f696e20 0 622c2044 0 203d2025 0 20727374 0 5554533a 0 a494e50 
_C_f76dd66a_0 8c 0 80 0 0 2c202562 0 3d202564 0 5f256420 0 9524547 
_C_7c1a48f0_0 8c 0 530 0 0 2535642e 0 696d6520 0 61742074 0 696e6720 0 6c617070 0 6f766572 0 61726520 0 25356420 0 64202620 0 65202535 0 204c696e 0 20202020 0 a202020 0 256d2e20 0 666f7220 0 32322c20 0 6e652034 0 2c206c69 0 2e737622 0 636f7265 0 3030385f 0 20226938 0 20202020 0 a202020 0 656e742e 0 6174656d 0 27207374 0 63617365 0 71756520 0 27756e69 0 20696e20 0 61746368 0 6e73206d 0 6974696f 0 636f6e64 0 6f6e6520 0 68616e20 0 72652074 0 3a204d6f 0 6e696e67 0 20576172 0 5254 
_C_63c338cd_0 8c 0 530 0 0 2535642e 0 696d6520 0 61742074 0 696e6720 0 6c617070 0 6f766572 0 61726520 0 25356420 0 64202620 0 65202535 0 204c696e 0 20202020 0 a202020 0 256d2e20 0 666f7220 0 33332c20 0 6e652035 0 2c206c69 0 2e737622 0 636f7265 0 3030385f 0 20226938 0 20202020 0 a202020 0 656e742e 0 6174656d 0 27207374 0 63617365 0 71756520 0 27756e69 0 20696e20 0 61746368 0 6e73206d 0 6974696f 0 636f6e64 0 6f6e6520 0 68616e20 0 72652074 0 3a204d6f 0 6e696e67 0 20576172 0 5254 
_C_f338dd6_0 8c 0 530 0 0 2535642e 0 696d6520 0 61742074 0 696e6720 0 6c617070 0 6f766572 0 61726520 0 25356420 0 64202620 0 65202535 0 204c696e 0 20202020 0 a202020 0 256d2e20 0 666f7220 0 32322c20 0 6e652036 0 2c206c69 0 2e737622 0 636f7265 0 3030385f 0 20226938 0 20202020 0 a202020 0 656e742e 0 6174656d 0 27207374 0 63617365 0 71756520 0 27756e69 0 20696e20 0 61746368 0 6e73206d 0 6974696f 0 636f6e64 0 6f6e6520 0 68616e20 0 72652074 0 3a204d6f 0 6e696e67 0 20576172 0 5254 
_C_2427c2ca_0 8c 0 530 0 0 2535642e 0 696d6520 0 61742074 0 696e6720 0 6c617070 0 6f766572 0 61726520 0 25356420 0 64202620 0 65202535 0 204c696e 0 20202020 0 a202020 0 256d2e20 0 666f7220 0 36382c20 0 6e652035 0 2c206c69 0 2e737622 0 636f7265 0 3030385f 0 20226938 0 20202020 0 a202020 0 656e742e 0 6174656d 0 27207374 0 63617365 0 71756520 0 27756e69 0 20696e20 0 61746368 0 6e73206d 0 6974696f 0 636f6e64 0 6f6e6520 0 68616e20 0 72652074 0 3a204d6f 0 6e696e67 0 20576172 0 5254 
_C_4e2228e5_0 8c 0 3a0 0 0 2535642e 0 696d6520 0 61742074 0 256d2c20 0 666f7220 0 35352c20 0 6e652036 0 2c206c69 0 2e737622 0 636f7265 0 3030385f 0 20226938 0 20202020 0 a202020 0 656e742e 0 6174656d 0 27207374 0 63617365 0 71756520 0 27756e69 0 20696e20 0 63686573 0 206d6174 0 74696f6e 0 6f6e6469 0 4e6f2063 0 6e673a20 0 61726e69 0 52542057 
_C_bba1b5b0_0 8c 0 530 0 0 2535642e 0 696d6520 0 61742074 0 696e6720 0 6c617070 0 6f766572 0 61726520 0 25356420 0 64202620 0 65202535 0 204c696e 0 20202020 0 a202020 0 256d2e20 0 666f7220 0 32352c20 0 6e652035 0 2c206c69 0 2e737622 0 636f7265 0 3030385f 0 20226938 0 20202020 0 a202020 0 656e742e 0 6174656d 0 27207374 0 63617365 0 71756520 0 27756e69 0 20696e20 0 61746368 0 6e73206d 0 6974696f 0 636f6e64 0 6f6e6520 0 68616e20 0 72652074 0 3a204d6f 0 6e696e67 0 20576172 0 5254 
_C_6e9ae57f_0 8c 0 530 0 0 2535642e 0 696d6520 0 61742074 0 696e6720 0 6c617070 0 6f766572 0 61726520 0 25356420 0 64202620 0 65202535 0 204c696e 0 20202020 0 a202020 0 256d2e20 0 666f7220 0 36382c20 0 6e652036 0 2c206c69 0 2e737622 0 636f7265 0 3030385f 0 20226938 0 20202020 0 a202020 0 656e742e 0 6174656d 0 27207374 0 63617365 0 71756520 0 27756e69 0 20696e20 0 61746368 0 6e73206d 0 6974696f 0 636f6e64 0 6f6e6520 0 68616e20 0 72652074 0 3a204d6f 0 6e696e67 0 20576172 0 5254 
_C_f6f2fd7a_0 8c 0 3a0 0 0 2535642e 0 696d6520 0 61742074 0 256d2c20 0 666f7220 0 30302c20 0 6e652037 0 2c206c69 0 2e737622 0 636f7265 0 3030385f 0 20226938 0 20202020 0 a202020 0 656e742e 0 6174656d 0 27207374 0 63617365 0 71756520 0 27756e69 0 20696e20 0 63686573 0 206d6174 0 74696f6e 0 6f6e6469 0 4e6f2063 0 6e673a20 0 61726e69 0 52542057 
_C_1c3cb296_0 8c 0 58 0 0 6573740a 0 696e2054 0 426567 
_C_91a022cc_0 8c 0 530 0 0 2535642e 0 696d6520 0 61742074 0 696e6720 0 6c617070 0 6f766572 0 61726520 0 25356420 0 64202620 0 65202535 0 204c696e 0 20202020 0 a202020 0 256d2e20 0 666f7220 0 37302c20 0 6e652033 0 2c206c69 0 2e737622 0 636f7265 0 3030385f 0 20226938 0 20202020 0 a202020 0 656e742e 0 6174656d 0 27207374 0 63617365 0 71756520 0 27756e69 0 20696e20 0 61746368 0 6e73206d 0 6974696f 0 636f6e64 0 6f6e6520 0 68616e20 0 72652074 0 3a204d6f 0 6e696e67 0 20576172 0 5254 
_C_b06b24f0_0 8c 0 3a0 0 0 2535642e 0 696d6520 0 61742074 0 256d2c20 0 666f7220 0 31382c20 0 6e652032 0 2c206c69 0 2e737622 0 636f7265 0 3030385f 0 20226938 0 20202020 0 a202020 0 656e742e 0 6174656d 0 27207374 0 63617365 0 71756520 0 27756e69 0 20696e20 0 63686573 0 206d6174 0 74696f6e 0 6f6e6469 0 4e6f2063 0 6e673a20 0 61726e69 0 52542057 
_C_e57a9969_0 8c 0 530 0 0 2535642e 0 696d6520 0 61742074 0 696e6720 0 6c617070 0 6f766572 0 61726520 0 25356420 0 64202620 0 65202535 0 204c696e 0 20202020 0 a202020 0 256d2e20 0 666f7220 0 39382c20 0 6e652035 0 2c206c69 0 2e737622 0 636f7265 0 3030385f 0 20226938 0 20202020 0 a202020 0 656e742e 0 6174656d 0 27207374 0 63617365 0 71756520 0 27756e69 0 20696e20 0 61746368 0 6e73206d 0 6974696f 0 636f6e64 0 6f6e6520 0 68616e20 0 72652074 0 3a204d6f 0 6e696e67 0 20576172 0 5254 
_C_99c6288a_0 8c 0 48 0 0 3a202562 0 6e737472 0 49 
_C_4da6da6_0 8c 0 530 0 0 2535642e 0 696d6520 0 61742074 0 696e6720 0 6c617070 0 6f766572 0 61726520 0 25356420 0 64202620 0 65202535 0 204c696e 0 20202020 0 a202020 0 256d2e20 0 666f7220 0 37302c20 0 6e652035 0 2c206c69 0 2e737622 0 636f7265 0 3030385f 0 20226938 0 20202020 0 a202020 0 656e742e 0 6174656d 0 27207374 0 63617365 0 71756520 0 27756e69 0 20696e20 0 61746368 0 6e73206d 0 6974696f 0 636f6e64 0 6f6e6520 0 68616e20 0 72652074 0 3a204d6f 0 6e696e67 0 20576172 0 5254 
_C_dcee7bfa_0 8c 0 530 0 0 2535642e 0 696d6520 0 61742074 0 696e6720 0 6c617070 0 6f766572 0 61726520 0 25356420 0 64202620 0 65202535 0 204c696e 0 20202020 0 a202020 0 256d2e20 0 666f7220 0 39382c20 0 6e652034 0 2c206c69 0 2e737622 0 636f7265 0 3030385f 0 20226938 0 20202020 0 a202020 0 656e742e 0 6174656d 0 27207374 0 63617365 0 71756520 0 27756e69 0 20696e20 0 61746368 0 6e73206d 0 6974696f 0 636f6e64 0 6f6e6520 0 68616e20 0 72652074 0 3a204d6f 0 6e696e67 0 20576172 0 5254 
_C_3d4e8f35_0 8c 0 530 0 0 2535642e 0 696d6520 0 61742074 0 696e6720 0 6c617070 0 6f766572 0 61726520 0 25356420 0 64202620 0 65202535 0 204c696e 0 20202020 0 a202020 0 256d2e20 0 666f7220 0 37302c20 0 6e652034 0 2c206c69 0 2e737622 0 636f7265 0 3030385f 0 20226938 0 20202020 0 a202020 0 656e742e 0 6174656d 0 27207374 0 63617365 0 71756520 0 27756e69 0 20696e20 0 61746368 0 6e73206d 0 6974696f 0 636f6e64 0 6f6e6520 0 68616e20 0 72652074 0 3a204d6f 0 6e696e67 0 20576172 0 5254 
_C_f59a8300_0 8c 0 530 0 0 2535642e 0 696d6520 0 61742074 0 696e6720 0 6c617070 0 6f766572 0 61726520 0 25356420 0 64202620 0 65202535 0 204c696e 0 20202020 0 a202020 0 256d2e20 0 666f7220 0 30312c20 0 6e652035 0 2c206c69 0 2e737622 0 636f7265 0 3030385f 0 20226938 0 20202020 0 a202020 0 656e742e 0 6174656d 0 27207374 0 63617365 0 71756520 0 27756e69 0 20696e20 0 61746368 0 6e73206d 0 6974696f 0 636f6e64 0 6f6e6520 0 68616e20 0 72652074 0 3a204d6f 0 6e696e67 0 20576172 0 5254 
_C_da9ee232_0 8c 0 530 0 0 2535642e 0 696d6520 0 61742074 0 696e6720 0 6c617070 0 6f766572 0 61726520 0 25356420 0 64202620 0 65202535 0 204c696e 0 20202020 0 a202020 0 256d2e20 0 666f7220 0 34342c20 0 6e652036 0 2c206c69 0 2e737622 0 636f7265 0 3030385f 0 20226938 0 20202020 0 a202020 0 656e742e 0 6174656d 0 27207374 0 63617365 0 71756520 0 27756e69 0 20696e20 0 61746368 0 6e73206d 0 6974696f 0 636f6e64 0 6f6e6520 0 68616e20 0 72652074 0 3a204d6f 0 6e696e67 0 20576172 0 5254 
_C_4e674a13_0 8c 0 530 0 0 2535642e 0 696d6520 0 61742074 0 696e6720 0 6c617070 0 6f766572 0 61726520 0 25356420 0 64202620 0 65202535 0 204c696e 0 20202020 0 a202020 0 256d2e20 0 666f7220 0 37302c20 0 6e652036 0 2c206c69 0 2e737622 0 636f7265 0 3030385f 0 20226938 0 20202020 0 a202020 0 656e742e 0 6174656d 0 27207374 0 63617365 0 71756520 0 27756e69 0 20696e20 0 61746368 0 6e73206d 0 6974696f 0 636f6e64 0 6f6e6520 0 68616e20 0 72652074 0 3a204d6f 0 6e696e67 0 20576172 0 5254 
_C_fcd3709c_0 8c 0 530 0 0 2535642e 0 696d6520 0 61742074 0 696e6720 0 6c617070 0 6f766572 0 61726520 0 25356420 0 64202620 0 65202535 0 204c696e 0 20202020 0 a202020 0 256d2e20 0 666f7220 0 35352c20 0 6e652036 0 2c206c69 0 2e737622 0 636f7265 0 3030385f 0 20226938 0 20202020 0 a202020 0 656e742e 0 6174656d 0 27207374 0 63617365 0 71756520 0 27756e69 0 20696e20 0 61746368 0 6e73206d 0 6974696f 0 636f6e64 0 6f6e6520 0 68616e20 0 72652074 0 3a204d6f 0 6e696e67 0 20576172 0 5254 
_C_bf27a4b5_0 8c 0 530 0 0 2535642e 0 696d6520 0 61742074 0 696e6720 0 6c617070 0 6f766572 0 61726520 0 25356420 0 64202620 0 65202535 0 204c696e 0 20202020 0 a202020 0 256d2e20 0 666f7220 0 30312c20 0 6e652036 0 2c206c69 0 2e737622 0 636f7265 0 3030385f 0 20226938 0 20202020 0 a202020 0 656e742e 0 6174656d 0 27207374 0 63617365 0 71756520 0 27756e69 0 20696e20 0 61746368 0 6e73206d 0 6974696f 0 636f6e64 0 6f6e6520 0 68616e20 0 72652074 0 3a204d6f 0 6e696e67 0 20576172 0 5254 
_C_42222749_0 8c 0 3a0 0 0 2535642e 0 696d6520 0 61742074 0 256d2c20 0 666f7220 0 37302c20 0 6e652034 0 2c206c69 0 2e737622 0 636f7265 0 3030385f 0 20226938 0 20202020 0 a202020 0 656e742e 0 6174656d 0 27207374 0 63617365 0 71756520 0 27756e69 0 20696e20 0 63686573 0 206d6174 0 74696f6e 0 6f6e6469 0 4e6f2063 0 6e673a20 0 61726e69 0 52542057 
_C_467eb079_0 8c 0 530 0 0 2535642e 0 696d6520 0 61742074 0 696e6720 0 6c617070 0 6f766572 0 61726520 0 25356420 0 64202620 0 65202535 0 204c696e 0 20202020 0 a202020 0 256d2e20 0 666f7220 0 32372c20 0 6e652035 0 2c206c69 0 2e737622 0 636f7265 0 3030385f 0 20226938 0 20202020 0 a202020 0 656e742e 0 6174656d 0 27207374 0 63617365 0 71756520 0 27756e69 0 20696e20 0 61746368 0 6e73206d 0 6974696f 0 636f6e64 0 6f6e6520 0 68616e20 0 72652074 0 3a204d6f 0 6e696e67 0 20576172 0 5254 
_C_8966874_0 8c 0 530 0 0 2535642e 0 696d6520 0 61742074 0 696e6720 0 6c617070 0 6f766572 0 61726520 0 25356420 0 64202620 0 65202535 0 204c696e 0 20202020 0 a202020 0 256d2e20 0 666f7220 0 33342c20 0 6e652033 0 2c206c69 0 2e737622 0 636f7265 0 3030385f 0 20226938 0 20202020 0 a202020 0 656e742e 0 6174656d 0 27207374 0 63617365 0 71756520 0 27756e69 0 20696e20 0 61746368 0 6e73206d 0 6974696f 0 636f6e64 0 6f6e6520 0 68616e20 0 72652074 0 3a204d6f 0 6e696e67 0 20576172 0 5254 
_C_3f7d714e_0 94 0 20 0 0 1 
_C_d5672c6c_0 8c 0 530 0 0 2535642e 0 696d6520 0 61742074 0 696e6720 0 6c617070 0 6f766572 0 61726520 0 25356420 0 64202620 0 65202535 0 204c696e 0 20202020 0 a202020 0 256d2e20 0 666f7220 0 31392c20 0 6e652035 0 2c206c69 0 2e737622 0 636f7265 0 3030385f 0 20226938 0 20202020 0 a202020 0 656e742e 0 6174656d 0 27207374 0 63617365 0 71756520 0 27756e69 0 20696e20 0 61746368 0 6e73206d 0 6974696f 0 636f6e64 0 6f6e6520 0 68616e20 0 72652074 0 3a204d6f 0 6e696e67 0 20576172 0 5254 
_C_ecf3ceff_0 8c 0 530 0 0 2535642e 0 696d6520 0 61742074 0 696e6720 0 6c617070 0 6f766572 0 61726520 0 25356420 0 64202620 0 65202535 0 204c696e 0 20202020 0 a202020 0 256d2e20 0 666f7220 0 31392c20 0 6e652034 0 2c206c69 0 2e737622 0 636f7265 0 3030385f 0 20226938 0 20202020 0 a202020 0 656e742e 0 6174656d 0 27207374 0 63617365 0 71756520 0 27756e69 0 20696e20 0 61746368 0 6e73206d 0 6974696f 0 636f6e64 0 6f6e6520 0 68616e20 0 72652074 0 3a204d6f 0 6e696e67 0 20576172 0 5254 
_C_38a45eca_0 84 0 1b 0 0 7ffffe0 
_C_6c7f2705_0 8c 0 530 0 0 2535642e 0 696d6520 0 61742074 0 696e6720 0 6c617070 0 6f766572 0 61726520 0 25356420 0 64202620 0 65202535 0 204c696e 0 20202020 0 a202020 0 256d2e20 0 666f7220 0 37322c20 0 6e652033 0 2c206c69 0 2e737622 0 636f7265 0 3030385f 0 20226938 0 20202020 0 a202020 0 656e742e 0 6174656d 0 27207374 0 63617365 0 71756520 0 27756e69 0 20696e20 0 61746368 0 6e73206d 0 6974696f 0 636f6e64 0 6f6e6520 0 68616e20 0 72652074 0 3a204d6f 0 6e696e67 0 20576172 0 5254 
